Female: 0.943639843091
AgeLess16: 0.831572769953
Age17-30: 0.693449024324
Age31-45: 0.695847972765
BodyFat: 0.662728112225
BodyNormal: 0.597519385552
BodyThin: 0.675868688768
Customer: 0.891730845125
Clerk: 0.928995569368
hs-BaldHead: 0.842927691192
hs-LongHair: 0.52518348491
hs-BlackHair: 0.840218544643
hs-Hat: 0.845464018634
hs-Glasses: 0.829286444352
hs-Muffler: 0.766623163773
ub-Shirt: 0.847864796261
ub-Sweater: 0.727116453352
ub-Vest: 0.895016996043
ub-TShirt: 0.768377299008
ub-Cotton: 0.827132453742
ub-Jacket: 0.785399083363
ub-SuitUp: 0.802236373695
ub-Tight: 0.76449903012
ub-ShortSleeve: 0.830993364573
lb-LongTrousers: 0.848773136139
lb-Skirt: 0.888819192507
lb-ShortSkirt: 0.887882862919
lb-Dress: 0.887882862919
lb-Jeans: 0.886736314437
lb-TightTrousers: 0.928429545926
shoes-Leather: 0.805617660531
shoes-Sport: 0.724929179022
shoes-Boots: 0.941016286565
shoes-Cloth: 0.865793085341
shoes-Casual: 0.628706486584
attach-Backpack: 0.787649590915
attach-SingleShoulderBag: 0.812811038939
attach-HandBag: 0.852696623328
attach-Box: 0.786509936595
attach-PlasticBag: 0.823948645723
attach-PaperBag: 0.780772959483
attach-HandTrunk: 0.840112978133
attach-Other: 0.702212905362
action-Calling: 0.891727451161
action-Talking: 0.613602262633
action-Gathering: 0.653017346331
action-Holding: 0.691127592692
action-Pusing: 0.868393366017
action-Pulling: 0.793524591485
action-CarrybyArm: 0.681210707475
action-CarrybyHand: 0.839031701964
mA: 0.794757406274
Acc: 0.532969143692 	 Prec: 0.608204115804 	 Rec: 0.787913064724 	 F1: 0.686492474335
